4
Jord: 0.981913 0.210482 0.111 -1.40567 6.124 3 3e-06
Merkur: -0.138835 0.287408 -0.22 -11.2458 -4.2112 3 1.2e-07
Venus: 0.00253117 -0.723544 0.23 7.33261 -0.0355001 3 2.45e-06
Mars: 1.07414 -0.875157 0.0002 3.43323 4.3888 3 3.3e-07
